(kicad_pcb (version 20171130) (host pcbnew 5.1.5+dfsg1-2build2)

  (general
    (thickness 1.6)
    (drawings 14)
    (tracks 129)
    (zones 0)
    (modules 14)
    (nets 11)
  )

  (page A4)
  (layers
    (0 F.Cu signal)
    (31 B.Cu signal)
    (32 B.Adhes user)
    (33 F.Adhes user)
    (34 B.Paste user)
    (35 F.Paste user)
    (36 B.SilkS user)
    (37 F.SilkS user)
    (38 B.Mask user)
    (39 F.Mask user)
    (40 Dwgs.User user)
    (41 Cmts.User user)
    (42 Eco1.User user)
    (43 Eco2.User user)
    (44 Edge.Cuts user)
    (45 Margin user)
    (46 B.CrtYd user)
    (47 F.CrtYd user)
    (48 B.Fab user)
    (49 F.Fab user)
  )

  (setup
    (last_trace_width 0.2)
    (user_trace_width 0.1524)
    (user_trace_width 0.2)
    (user_trace_width 0.25)
    (user_trace_width 0.3)
    (user_trace_width 0.4)
    (user_trace_width 0.5)
    (user_trace_width 0.6)
    (user_trace_width 0.8)
    (user_trace_width 1)
    (user_trace_width 1.2)
    (user_trace_width 1.5)
    (user_trace_width 2)
    (trace_clearance 0.254)
    (zone_clearance 0.1524)
    (zone_45_only no)
    (trace_min 0.1524)
    (via_size 0.6858)
    (via_drill 0.3302)
    (via_min_size 0.6858)
    (via_min_drill 0.3302)
    (uvia_size 0.6858)
    (uvia_drill 0.3302)
    (uvias_allowed no)
    (uvia_min_size 0.508)
    (uvia_min_drill 0.127)
    (edge_width 0.127)
    (segment_width 0.127)
    (pcb_text_width 0.127)
    (pcb_text_size 0.6 0.6)
    (mod_edge_width 0.127)
    (mod_text_size 0.6 0.6)
    (mod_text_width 0.127)
    (pad_size 1.524 1.524)
    (pad_drill 0.762)
    (pad_to_mask_clearance 0.0508)
    (solder_mask_min_width 0.1016)
    (pad_to_paste_clearance 0.0508)
    (aux_axis_origin 0 0)
    (visible_elements FFFFFF7F)
    (pcbplotparams
      (layerselection 0x3ffff_80000001)
      (usegerberextensions true)
      (usegerberattributes true)
      (usegerberadvancedattributes false)
      (creategerberjobfile false)
      (excludeedgelayer true)
      (linewidth 0.127000)
      (plotframeref false)
      (viasonmask false)
      (mode 1)
      (useauxorigin false)
      (hpglpennumber 1)
      (hpglpenspeed 20)
      (hpglpendiameter 15.000000)
      (psnegative false)
      (psa4output false)
      (plotreference true)
      (plotvalue true)
      (plotinvisibletext false)
      (padsonsilk false)
      (subtractmaskfromsilk false)
      (outputformat 1)
      (mirror false)
      (drillshape 0)
      (scaleselection 1)
      (outputdirectory "CAM/"))
  )

  (net 0 "")
  (net 1 +3V3)
  (net 2 GND)
  (net 3 /SDA)
  (net 4 /SCL)
  (net 5 /SI_INT)
  (net 6 /TCS_INT)
  (net 7 "Net-(R3-Pad2)")
  (net 8 "Net-(R6-Pad2)")
  (net 9 "Net-(U1-Pad10)")
  (net 10 "Net-(U1-Pad5)")

  (net_class Default "Dit is de standaard class."
    (clearance 0.254)
    (trace_width 0.254)
    (via_dia 0.6858)
    (via_drill 0.3302)
    (uvia_dia 0.6858)
    (uvia_drill 0.3302)
  )

  (net_class 0.2mm ""
    (clearance 0.2)
    (trace_width 0.2)
    (via_dia 0.6858)
    (via_drill 0.3302)
    (uvia_dia 0.6858)
    (uvia_drill 0.3302)
  )

  (net_class Minimal ""
    (clearance 0.1524)
    (trace_width 0.1524)
    (via_dia 0.6858)
    (via_drill 0.3302)
    (uvia_dia 0.6858)
    (uvia_drill 0.3302)
    (add_net +3V3)
    (add_net /SCL)
    (add_net /SDA)
    (add_net /SI_INT)
    (add_net /TCS_INT)
    (add_net GND)
    (add_net "Net-(R3-Pad2)")
    (add_net "Net-(R6-Pad2)")
    (add_net "Net-(U1-Pad10)")
    (add_net "Net-(U1-Pad5)")
  )

  (module KevinLib:LogoBack (layer F.Cu) (tedit 5955D856) (tstamp 5F727540)
    (at 170.1 106.1)
    (fp_text reference REF** (at 0 5.207) (layer F.SilkS) hide
      (effects (font (size 1 1) (thickness 0.15)))
    )
    (fp_text value LogoBack (at 0 -4.318) (layer F.Fab) hide
      (effects (font (size 1 1) (thickness 0.15)))
    )
    (fp_text user K (at 0 1.27) (layer B.SilkS)
      (effects (font (size 2.032 2.032) (thickness 0.254)) (justify mirror))
    )
    (fp_text user K (at 0 -1.016) (layer B.SilkS)
      (effects (font (size 2.032 2.032) (thickness 0.254)) (justify mirror))
    )
    (fp_circle (center 0 0) (end 2.54 -1.27) (layer B.SilkS) (width 0.4445))
    (fp_line (start 0.531 -0.127) (end 0.531 0.127) (layer B.SilkS) (width 0.254))
    (fp_line (start -0.635 -0.127) (end -0.635 0.127) (layer B.SilkS) (width 0.254))
  )

  (module KevinLib:SI1133-AA00-GMR (layer F.Cu) (tedit 5F722925) (tstamp 5F724C12)
    (at 170.7 106.7)
    (path /5F71E943)
    (fp_text reference U1 (at 0 -2.6) (layer F.SilkS)
      (effects (font (size 1 1) (thickness 0.15)))
    )
    (fp_text value 10QFN_2X2_SIL (at 0 0) (layer F.SilkS) hide
      (effects (font (size 1 1) (thickness 0.15)))
    )
    (fp_text user "Copyright 2016 Accelerated Designs. All rights reserved." (at 0 0) (layer Cmts.User)
      (effects (font (size 0.127 0.127) (thickness 0.002)))
    )
    (fp_text user * (at -0.5969 -1) (layer F.Fab)
      (effects (font (size 1 1) (thickness 0.15)))
    )
    (fp_text user * (at -0.5969 -1) (layer F.Fab)
      (effects (font (size 1 1) (thickness 0.15)))
    )
    (fp_text user * (at -1.9431 -1) (layer F.SilkS)
      (effects (font (size 1 1) (thickness 0.15)))
    )
    (fp_text user * (at -0.5969 -1) (layer F.Fab)
      (effects (font (size 1 1) (thickness 0.15)))
    )
    (fp_line (start -1.0033 0.2667) (end 0.2667 -1.0033) (layer F.Fab) (width 0.1524))
    (fp_line (start -0.1524 -1.0033) (end 0.1524 -1.0033) (layer F.Fab) (width 0.1524))
    (fp_line (start 0.1524 -1.0033) (end 0.1524 -1.0033) (layer F.Fab) (width 0.1524))
    (fp_line (start 0.1524 -1.0033) (end -0.1524 -1.0033) (layer F.Fab) (width 0.1524))
    (fp_line (start -0.1524 -1.0033) (end -0.1524 -1.0033) (layer F.Fab) (width 0.1524))
    (fp_line (start -1.0033 -0.5976) (end -1.0033 -0.9024) (layer F.Fab) (width 0.1524))
    (fp_line (start -1.0033 -0.9024) (end -1.0033 -0.9024) (layer F.Fab) (width 0.1524))
    (fp_line (start -1.0033 -0.9024) (end -1.0033 -0.5976) (layer F.Fab) (width 0.1524))
    (fp_line (start -1.0033 -0.5976) (end -1.0033 -0.5976) (layer F.Fab) (width 0.1524))
    (fp_line (start -1.0033 -0.0976) (end -1.0033 -0.4024) (layer F.Fab) (width 0.1524))
    (fp_line (start -1.0033 -0.4024) (end -1.0033 -0.4024) (layer F.Fab) (width 0.1524))
    (fp_line (start -1.0033 -0.4024) (end -1.0033 -0.0976) (layer F.Fab) (width 0.1524))
    (fp_line (start -1.0033 -0.0976) (end -1.0033 -0.0976) (layer F.Fab) (width 0.1524))
    (fp_line (start -1.0033 0.4024) (end -1.0033 0.0976) (layer F.Fab) (width 0.1524))
    (fp_line (start -1.0033 0.0976) (end -1.0033 0.0976) (layer F.Fab) (width 0.1524))
    (fp_line (start -1.0033 0.0976) (end -1.0033 0.4024) (layer F.Fab) (width 0.1524))
    (fp_line (start -1.0033 0.4024) (end -1.0033 0.4024) (layer F.Fab) (width 0.1524))
    (fp_line (start -1.0033 0.9024) (end -1.0033 0.5976) (layer F.Fab) (width 0.1524))
    (fp_line (start -1.0033 0.5976) (end -1.0033 0.5976) (layer F.Fab) (width 0.1524))
    (fp_line (start -1.0033 0.5976) (end -1.0033 0.9024) (layer F.Fab) (width 0.1524))
    (fp_line (start -1.0033 0.9024) (end -1.0033 0.9024) (layer F.Fab) (width 0.1524))
    (fp_line (start 0.1524 1.0033) (end -0.1524 1.0033) (layer F.Fab) (width 0.1524))
    (fp_line (start -0.1524 1.0033) (end -0.1524 1.0033) (layer F.Fab) (width 0.1524))
    (fp_line (start -0.1524 1.0033) (end 0.1524 1.0033) (layer F.Fab) (width 0.1524))
    (fp_line (start 0.1524 1.0033) (end 0.1524 1.0033) (layer F.Fab) (width 0.1524))
    (fp_line (start 1.0033 0.5976) (end 1.0033 0.9024) (layer F.Fab) (width 0.1524))
    (fp_line (start 1.0033 0.9024) (end 1.0033 0.9024) (layer F.Fab) (width 0.1524))
    (fp_line (start 1.0033 0.9024) (end 1.0033 0.5976) (layer F.Fab) (width 0.1524))
    (fp_line (start 1.0033 0.5976) (end 1.0033 0.5976) (layer F.Fab) (width 0.1524))
    (fp_line (start 1.0033 0.0976) (end 1.0033 0.4024) (layer F.Fab) (width 0.1524))
    (fp_line (start 1.0033 0.4024) (end 1.0033 0.4024) (layer F.Fab) (width 0.1524))
    (fp_line (start 1.0033 0.4024) (end 1.0033 0.0976) (layer F.Fab) (width 0.1524))
    (fp_line (start 1.0033 0.0976) (end 1.0033 0.0976) (layer F.Fab) (width 0.1524))
    (fp_line (start 1.0033 -0.4024) (end 1.0033 -0.0976) (layer F.Fab) (width 0.1524))
    (fp_line (start 1.0033 -0.0976) (end 1.0033 -0.0976) (layer F.Fab) (width 0.1524))
    (fp_line (start 1.0033 -0.0976) (end 1.0033 -0.4024) (layer F.Fab) (width 0.1524))
    (fp_line (start 1.0033 -0.4024) (end 1.0033 -0.4024) (layer F.Fab) (width 0.1524))
    (fp_line (start 1.0033 -0.9024) (end 1.0033 -0.5976) (layer F.Fab) (width 0.1524))
    (fp_line (start 1.0033 -0.5976) (end 1.0033 -0.5976) (layer F.Fab) (width 0.1524))
    (fp_line (start 1.0033 -0.5976) (end 1.0033 -0.9024) (layer F.Fab) (width 0.1524))
    (fp_line (start 1.0033 -0.9024) (end 1.0033 -0.9024) (layer F.Fab) (width 0.1524))
    (fp_line (start -1.0033 1.0033) (end 1.0033 1.0033) (layer F.Fab) (width 0.1524))
    (fp_line (start 1.0033 1.0033) (end 1.0033 1.0033) (layer F.Fab) (width 0.1524))
    (fp_line (start 1.0033 1.0033) (end 1.0033 -1.0033) (layer F.Fab) (width 0.1524))
    (fp_line (start 1.0033 -1.0033) (end 1.0033 -1.0033) (layer F.Fab) (width 0.1524))
    (fp_line (start 1.0033 -1.0033) (end -1.0033 -1.0033) (layer F.Fab) (width 0.1524))
    (fp_line (start -1.0033 -1.0033) (end -1.0033 -1.0033) (layer F.Fab) (width 0.1524))
    (fp_line (start -1.0033 -1.0033) (end -1.0033 1.0033) (layer F.Fab) (width 0.1524))
    (fp_line (start -1.0033 1.0033) (end -1.0033 1.0033) (layer F.Fab) (width 0.1524))
    (fp_line (start -0.1905 -1.5621) (end -0.1905 -1.8161) (layer F.SilkS) (width 0.1524))
    (fp_line (start -0.1905 -1.8161) (end 0.1905 -1.8161) (layer F.SilkS) (width 0.1524))
    (fp_line (start 0.1905 -1.8161) (end 0.1905 -1.5621) (layer F.SilkS) (width 0.1524))
    (fp_line (start 0.1905 -1.5621) (end -0.1905 -1.5621) (layer F.SilkS) (width 0.1524))
    (fp_line (start -1.2573 1.2573) (end -1.2573 1.131) (layer F.CrtYd) (width 0.1524))
    (fp_line (start -1.2573 1.131) (end -1.5621 1.131) (layer F.CrtYd) (width 0.1524))
    (fp_line (start -1.5621 1.131) (end -1.5621 -1.131) (layer F.CrtYd) (width 0.1524))
    (fp_line (start -1.5621 -1.131) (end -1.2573 -1.131) (layer F.CrtYd) (width 0.1524))
    (fp_line (start -1.2573 -1.131) (end -1.2573 -1.2573) (layer F.CrtYd) (width 0.1524))
    (fp_line (start -1.2573 -1.2573) (end -0.381 -1.2573) (layer F.CrtYd) (width 0.1524))
    (fp_line (start -0.381 -1.2573) (end -0.381 -1.5621) (layer F.CrtYd) (width 0.1524))
    (fp_line (start -0.381 -1.5621) (end 0.381 -1.5621) (layer F.CrtYd) (width 0.1524))
    (fp_line (start 0.381 -1.5621) (end 0.381 -1.2573) (layer F.CrtYd) (width 0.1524))
    (fp_line (start 0.381 -1.2573) (end 1.2573 -1.2573) (layer F.CrtYd) (width 0.1524))
    (fp_line (start 1.2573 -1.2573) (end 1.2573 -1.131) (layer F.CrtYd) (width 0.1524))
    (fp_line (start 1.2573 -1.131) (end 1.5621 -1.131) (layer F.CrtYd) (width 0.1524))
    (fp_line (start 1.5621 -1.131) (end 1.5621 1.131) (layer F.CrtYd) (width 0.1524))
    (fp_line (start 1.5621 1.131) (end 1.2573 1.131) (layer F.CrtYd) (width 0.1524))
    (fp_line (start 1.2573 1.131) (end 1.2573 1.2573) (layer F.CrtYd) (width 0.1524))
    (fp_line (start 1.2573 1.2573) (end 0.381 1.2573) (layer F.CrtYd) (width 0.1524))
    (fp_line (start 0.381 1.2573) (end 0.381 1.5621) (layer F.CrtYd) (width 0.1524))
    (fp_line (start 0.381 1.5621) (end -0.381 1.5621) (layer F.CrtYd) (width 0.1524))
    (fp_line (start -0.381 1.5621) (end -0.381 1.2573) (layer F.CrtYd) (width 0.1524))
    (fp_line (start -0.381 1.2573) (end -1.2573 1.2573) (layer F.CrtYd) (width 0.1524))
    (pad 1 smd rect (at -0.9525 -0.750001 90) (size 0.254 0.7112) (layers F.Cu F.Paste F.Mask)
      (net 3 /SDA))
    (pad 2 smd rect (at -0.9525 -0.25 90) (size 0.254 0.7112) (layers F.Cu F.Paste F.Mask)
      (net 4 /SCL))
    (pad 3 smd rect (at -0.9525 0.25 90) (size 0.254 0.7112) (layers F.Cu F.Paste F.Mask)
      (net 1 +3V3))
    (pad 4 smd rect (at -0.9525 0.750001 90) (size 0.254 0.7112) (layers F.Cu F.Paste F.Mask)
      (net 5 /SI_INT))
    (pad 5 smd rect (at 0 0.9525) (size 0.254 0.7112) (layers Dwgs.User)
      (net 10 "Net-(U1-Pad5)"))
    (pad 6 smd rect (at 0.9525 0.750001 90) (size 0.254 0.7112) (layers F.Cu F.Paste F.Mask)
      (net 7 "Net-(R3-Pad2)"))
    (pad 7 smd rect (at 0.9525 0.25 90) (size 0.254 0.7112) (layers F.Cu F.Paste F.Mask)
      (net 8 "Net-(R6-Pad2)"))
    (pad 8 smd rect (at 0.9525 -0.25 90) (size 0.254 0.7112) (layers F.Cu F.Paste F.Mask)
      (net 2 GND))
    (pad 9 smd rect (at 0.9525 -0.750001 90) (size 0.254 0.7112) (layers F.Cu F.Paste F.Mask)
      (net 8 "Net-(R6-Pad2)"))
    (pad 10 smd rect (at 0 -0.9525) (size 0.254 0.7112) (layers Dwgs.User)
      (net 9 "Net-(U1-Pad10)"))
  )

  (module MountingHole:MountingHole_2.2mm_M2 (layer F.Cu) (tedit 56D1B4CB) (tstamp 5F72598E)
    (at 170.5 111)
    (descr "Mounting Hole 2.2mm, no annular, M2")
    (tags "mounting hole 2.2mm no annular m2")
    (attr virtual)
    (fp_text reference REF** (at 0 -3.2) (layer F.SilkS) hide
      (effects (font (size 1 1) (thickness 0.15)))
    )
    (fp_text value MountingHole_2.2mm_M2 (at 0 3.2) (layer F.Fab)
      (effects (font (size 1 1) (thickness 0.15)))
    )
    (fp_circle (center 0 0) (end 2.45 0) (layer F.CrtYd) (width 0.05))
    (fp_circle (center 0 0) (end 2.2 0) (layer Cmts.User) (width 0.15))
    (fp_text user %R (at 0.3 0) (layer F.Fab)
      (effects (font (size 1 1) (thickness 0.15)))
    )
    (pad 1 np_thru_hole circle (at 0 0) (size 2.2 2.2) (drill 2.2) (layers *.Cu *.Mask))
  )

  (module MountingHole:MountingHole_2.2mm_M2 (layer F.Cu) (tedit 56D1B4CB) (tstamp 5F725978)
    (at 170.5 101.5 270)
    (descr "Mounting Hole 2.2mm, no annular, M2")
    (tags "mounting hole 2.2mm no annular m2")
    (attr virtual)
    (fp_text reference REF** (at 0 -3.2 90) (layer F.SilkS) hide
      (effects (font (size 1 1) (thickness 0.15)))
    )
    (fp_text value MountingHole_2.2mm_M2 (at 0 3.2 90) (layer F.Fab)
      (effects (font (size 1 1) (thickness 0.15)))
    )
    (fp_circle (center 0 0) (end 2.45 0) (layer F.CrtYd) (width 0.05))
    (fp_circle (center 0 0) (end 2.2 0) (layer Cmts.User) (width 0.15))
    (fp_text user %R (at 0.3 0 90) (layer F.Fab)
      (effects (font (size 1 1) (thickness 0.15)))
    )
    (pad 1 np_thru_hole circle (at 0 0 270) (size 2.2 2.2) (drill 2.2) (layers *.Cu *.Mask))
  )

  (module Capacitor_SMD:C_0805_2012Metric_Pad1.15x1.40mm_HandSolder (layer F.Cu) (tedit 5B36C52B) (tstamp 5F724B0F)
    (at 166.9 106.7 270)
    (descr "Capacitor SMD 0805 (2012 Metric), square (rectangular) end terminal, IPC_7351 nominal with elongated pad for handsoldering. (Body size source: https://docs.google.com/spreadsheets/d/1BsfQQcO9C6DZCsRaXUlFlo91Tg2WpOkGARC1WS5S8t0/edit?usp=sharing), generated with kicad-footprint-generator")
    (tags "capacitor handsolder")
    (path /5F71FA8C)
    (attr smd)
    (fp_text reference C1 (at 0.1 1.7 180) (layer F.SilkS)
      (effects (font (size 1 1) (thickness 0.15)))
    )
    (fp_text value 100n (at 0 1.65 90) (layer F.Fab)
      (effects (font (size 1 1) (thickness 0.15)))
    )
    (fp_line (start -1 0.6) (end -1 -0.6) (layer F.Fab) (width 0.1))
    (fp_line (start -1 -0.6) (end 1 -0.6) (layer F.Fab) (width 0.1))
    (fp_line (start 1 -0.6) (end 1 0.6) (layer F.Fab) (width 0.1))
    (fp_line (start 1 0.6) (end -1 0.6) (layer F.Fab) (width 0.1))
    (fp_line (start -0.261252 -0.71) (end 0.261252 -0.71) (layer F.SilkS) (width 0.12))
    (fp_line (start -0.261252 0.71) (end 0.261252 0.71) (layer F.SilkS) (width 0.12))
    (fp_line (start -1.85 0.95) (end -1.85 -0.95) (layer F.CrtYd) (width 0.05))
    (fp_line (start -1.85 -0.95) (end 1.85 -0.95) (layer F.CrtYd) (width 0.05))
    (fp_line (start 1.85 -0.95) (end 1.85 0.95) (layer F.CrtYd) (width 0.05))
    (fp_line (start 1.85 0.95) (end -1.85 0.95) (layer F.CrtYd) (width 0.05))
    (fp_text user %R (at 0 0 90) (layer F.Fab)
      (effects (font (size 0.5 0.5) (thickness 0.08)))
    )
    (pad 1 smd roundrect (at -1.025 0 270) (size 1.15 1.4) (layers F.Cu F.Paste F.Mask) (roundrect_rratio 0.217391)
      (net 1 +3V3))
    (pad 2 smd roundrect (at 1.025 0 270) (size 1.15 1.4) (layers F.Cu F.Paste F.Mask) (roundrect_rratio 0.217391)
      (net 2 GND))
    (model ${KISYS3DMOD}/Capacitor_SMD.3dshapes/C_0805_2012Metric.wrl
      (at (xyz 0 0 0))
      (scale (xyz 1 1 1))
      (rotate (xyz 0 0 0))
    )
  )

  (module Capacitor_SMD:C_0805_2012Metric_Pad1.15x1.40mm_HandSolder (layer F.Cu) (tedit 5B36C52B) (tstamp 5F724B20)
    (at 159.6 106.6 270)
    (descr "Capacitor SMD 0805 (2012 Metric), square (rectangular) end terminal, IPC_7351 nominal with elongated pad for handsoldering. (Body size source: https://docs.google.com/spreadsheets/d/1BsfQQcO9C6DZCsRaXUlFlo91Tg2WpOkGARC1WS5S8t0/edit?usp=sharing), generated with kicad-footprint-generator")
    (tags "capacitor handsolder")
    (path /5F7203D9)
    (attr smd)
    (fp_text reference C2 (at 0 1.9 180) (layer F.SilkS)
      (effects (font (size 1 1) (thickness 0.15)))
    )
    (fp_text value 100n (at 0 1.65 90) (layer F.Fab)
      (effects (font (size 1 1) (thickness 0.15)))
    )
    (fp_text user %R (at 0 0 90) (layer F.Fab)
      (effects (font (size 0.5 0.5) (thickness 0.08)))
    )
    (fp_line (start 1.85 0.95) (end -1.85 0.95) (layer F.CrtYd) (width 0.05))
    (fp_line (start 1.85 -0.95) (end 1.85 0.95) (layer F.CrtYd) (width 0.05))
    (fp_line (start -1.85 -0.95) (end 1.85 -0.95) (layer F.CrtYd) (width 0.05))
    (fp_line (start -1.85 0.95) (end -1.85 -0.95) (layer F.CrtYd) (width 0.05))
    (fp_line (start -0.261252 0.71) (end 0.261252 0.71) (layer F.SilkS) (width 0.12))
    (fp_line (start -0.261252 -0.71) (end 0.261252 -0.71) (layer F.SilkS) (width 0.12))
    (fp_line (start 1 0.6) (end -1 0.6) (layer F.Fab) (width 0.1))
    (fp_line (start 1 -0.6) (end 1 0.6) (layer F.Fab) (width 0.1))
    (fp_line (start -1 -0.6) (end 1 -0.6) (layer F.Fab) (width 0.1))
    (fp_line (start -1 0.6) (end -1 -0.6) (layer F.Fab) (width 0.1))
    (pad 2 smd roundrect (at 1.025 0 270) (size 1.15 1.4) (layers F.Cu F.Paste F.Mask) (roundrect_rratio 0.217391)
      (net 2 GND))
    (pad 1 smd roundrect (at -1.025 0 270) (size 1.15 1.4) (layers F.Cu F.Paste F.Mask) (roundrect_rratio 0.217391)
      (net 1 +3V3))
    (model ${KISYS3DMOD}/Capacitor_SMD.3dshapes/C_0805_2012Metric.wrl
      (at (xyz 0 0 0))
      (scale (xyz 1 1 1))
      (rotate (xyz 0 0 0))
    )
  )

  (module Resistor_SMD:R_0805_2012Metric_Pad1.15x1.40mm_HandSolder (layer F.Cu) (tedit 5B36C52B) (tstamp 5F724B61)
    (at 158 101.5 270)
    (descr "Resistor SMD 0805 (2012 Metric), square (rectangular) end terminal, IPC_7351 nominal with elongated pad for handsoldering. (Body size source: https://docs.google.com/spreadsheets/d/1BsfQQcO9C6DZCsRaXUlFlo91Tg2WpOkGARC1WS5S8t0/edit?usp=sharing), generated with kicad-footprint-generator")
    (tags "resistor handsolder")
    (path /5F754C76)
    (attr smd)
    (fp_text reference R1 (at 2.5 0 180) (layer F.SilkS)
      (effects (font (size 1 1) (thickness 0.15)))
    )
    (fp_text value 4.7K (at 0 1.65 90) (layer F.Fab)
      (effects (font (size 1 1) (thickness 0.15)))
    )
    (fp_text user %R (at 0 0 90) (layer F.Fab)
      (effects (font (size 0.5 0.5) (thickness 0.08)))
    )
    (fp_line (start 1.85 0.95) (end -1.85 0.95) (layer F.CrtYd) (width 0.05))
    (fp_line (start 1.85 -0.95) (end 1.85 0.95) (layer F.CrtYd) (width 0.05))
    (fp_line (start -1.85 -0.95) (end 1.85 -0.95) (layer F.CrtYd) (width 0.05))
    (fp_line (start -1.85 0.95) (end -1.85 -0.95) (layer F.CrtYd) (width 0.05))
    (fp_line (start -0.261252 0.71) (end 0.261252 0.71) (layer F.SilkS) (width 0.12))
    (fp_line (start -0.261252 -0.71) (end 0.261252 -0.71) (layer F.SilkS) (width 0.12))
    (fp_line (start 1 0.6) (end -1 0.6) (layer F.Fab) (width 0.1))
    (fp_line (start 1 -0.6) (end 1 0.6) (layer F.Fab) (width 0.1))
    (fp_line (start -1 -0.6) (end 1 -0.6) (layer F.Fab) (width 0.1))
    (fp_line (start -1 0.6) (end -1 -0.6) (layer F.Fab) (width 0.1))
    (pad 2 smd roundrect (at 1.025 0 270) (size 1.15 1.4) (layers F.Cu F.Paste F.Mask) (roundrect_rratio 0.217391)
      (net 5 /SI_INT))
    (pad 1 smd roundrect (at -1.025 0 270) (size 1.15 1.4) (layers F.Cu F.Paste F.Mask) (roundrect_rratio 0.217391)
      (net 1 +3V3))
    (model ${KISYS3DMOD}/Resistor_SMD.3dshapes/R_0805_2012Metric.wrl
      (at (xyz 0 0 0))
      (scale (xyz 1 1 1))
      (rotate (xyz 0 0 0))
    )
  )

  (module Resistor_SMD:R_0805_2012Metric_Pad1.15x1.40mm_HandSolder (layer F.Cu) (tedit 5B36C52B) (tstamp 5F724B72)
    (at 161 101.5 270)
    (descr "Resistor SMD 0805 (2012 Metric), square (rectangular) end terminal, IPC_7351 nominal with elongated pad for handsoldering. (Body size source: https://docs.google.com/spreadsheets/d/1BsfQQcO9C6DZCsRaXUlFlo91Tg2WpOkGARC1WS5S8t0/edit?usp=sharing), generated with kicad-footprint-generator")
    (tags "resistor handsolder")
    (path /5F7211F7)
    (attr smd)
    (fp_text reference R2 (at 2.5 0 180) (layer F.SilkS)
      (effects (font (size 1 1) (thickness 0.15)))
    )
    (fp_text value 4.7K (at 0 1.65 90) (layer F.Fab)
      (effects (font (size 1 1) (thickness 0.15)))
    )
    (fp_line (start -1 0.6) (end -1 -0.6) (layer F.Fab) (width 0.1))
    (fp_line (start -1 -0.6) (end 1 -0.6) (layer F.Fab) (width 0.1))
    (fp_line (start 1 -0.6) (end 1 0.6) (layer F.Fab) (width 0.1))
    (fp_line (start 1 0.6) (end -1 0.6) (layer F.Fab) (width 0.1))
    (fp_line (start -0.261252 -0.71) (end 0.261252 -0.71) (layer F.SilkS) (width 0.12))
    (fp_line (start -0.261252 0.71) (end 0.261252 0.71) (layer F.SilkS) (width 0.12))
    (fp_line (start -1.85 0.95) (end -1.85 -0.95) (layer F.CrtYd) (width 0.05))
    (fp_line (start -1.85 -0.95) (end 1.85 -0.95) (layer F.CrtYd) (width 0.05))
    (fp_line (start 1.85 -0.95) (end 1.85 0.95) (layer F.CrtYd) (width 0.05))
    (fp_line (start 1.85 0.95) (end -1.85 0.95) (layer F.CrtYd) (width 0.05))
    (fp_text user %R (at 0 0 90) (layer F.Fab)
      (effects (font (size 0.5 0.5) (thickness 0.08)))
    )
    (pad 1 smd roundrect (at -1.025 0 270) (size 1.15 1.4) (layers F.Cu F.Paste F.Mask) (roundrect_rratio 0.217391)
      (net 1 +3V3))
    (pad 2 smd roundrect (at 1.025 0 270) (size 1.15 1.4) (layers F.Cu F.Paste F.Mask) (roundrect_rratio 0.217391)
      (net 3 /SDA))
    (model ${KISYS3DMOD}/Resistor_SMD.3dshapes/R_0805_2012Metric.wrl
      (at (xyz 0 0 0))
      (scale (xyz 1 1 1))
      (rotate (xyz 0 0 0))
    )
  )

  (module Resistor_SMD:R_0805_2012Metric_Pad1.15x1.40mm_HandSolder (layer F.Cu) (tedit 5B36C52B) (tstamp 5F724B83)
    (at 165.75 111.25 180)
    (descr "Resistor SMD 0805 (2012 Metric), square (rectangular) end terminal, IPC_7351 nominal with elongated pad for handsoldering. (Body size source: https://docs.google.com/spreadsheets/d/1BsfQQcO9C6DZCsRaXUlFlo91Tg2WpOkGARC1WS5S8t0/edit?usp=sharing), generated with kicad-footprint-generator")
    (tags "resistor handsolder")
    (path /5F72AEBC)
    (attr smd)
    (fp_text reference R3 (at 0.05 -1.55) (layer F.SilkS)
      (effects (font (size 1 1) (thickness 0.15)))
    )
    (fp_text value 0 (at 0 1.65) (layer F.Fab) hide
      (effects (font (size 1 1) (thickness 0.15)))
    )
    (fp_line (start -1 0.6) (end -1 -0.6) (layer F.Fab) (width 0.1))
    (fp_line (start -1 -0.6) (end 1 -0.6) (layer F.Fab) (width 0.1))
    (fp_line (start 1 -0.6) (end 1 0.6) (layer F.Fab) (width 0.1))
    (fp_line (start 1 0.6) (end -1 0.6) (layer F.Fab) (width 0.1))
    (fp_line (start -0.261252 -0.71) (end 0.261252 -0.71) (layer F.SilkS) (width 0.12))
    (fp_line (start -0.261252 0.71) (end 0.261252 0.71) (layer F.SilkS) (width 0.12))
    (fp_line (start -1.85 0.95) (end -1.85 -0.95) (layer F.CrtYd) (width 0.05))
    (fp_line (start -1.85 -0.95) (end 1.85 -0.95) (layer F.CrtYd) (width 0.05))
    (fp_line (start 1.85 -0.95) (end 1.85 0.95) (layer F.CrtYd) (width 0.05))
    (fp_line (start 1.85 0.95) (end -1.85 0.95) (layer F.CrtYd) (width 0.05))
    (fp_text user %R (at 0 0) (layer F.Fab)
      (effects (font (size 0.5 0.5) (thickness 0.08)))
    )
    (pad 1 smd roundrect (at -1.025 0 180) (size 1.15 1.4) (layers F.Cu F.Paste F.Mask) (roundrect_rratio 0.217391)
      (net 1 +3V3))
    (pad 2 smd roundrect (at 1.025 0 180) (size 1.15 1.4) (layers F.Cu F.Paste F.Mask) (roundrect_rratio 0.217391)
      (net 7 "Net-(R3-Pad2)"))
    (model ${KISYS3DMOD}/Resistor_SMD.3dshapes/R_0805_2012Metric.wrl
      (at (xyz 0 0 0))
      (scale (xyz 1 1 1))
      (rotate (xyz 0 0 0))
    )
  )

  (module Resistor_SMD:R_0805_2012Metric_Pad1.15x1.40mm_HandSolder (layer F.Cu) (tedit 5B36C52B) (tstamp 5F724B94)
    (at 161 111.25 180)
    (descr "Resistor SMD 0805 (2012 Metric), square (rectangular) end terminal, IPC_7351 nominal with elongated pad for handsoldering. (Body size source: https://docs.google.com/spreadsheets/d/1BsfQQcO9C6DZCsRaXUlFlo91Tg2WpOkGARC1WS5S8t0/edit?usp=sharing), generated with kicad-footprint-generator")
    (tags "resistor handsolder")
    (path /5F72AB45)
    (attr smd)
    (fp_text reference R4 (at -0.1 -1.65) (layer F.SilkS)
      (effects (font (size 1 1) (thickness 0.15)))
    )
    (fp_text value 0 (at 0 1.65) (layer F.Fab) hide
      (effects (font (size 1 1) (thickness 0.15)))
    )
    (fp_text user %R (at 0 0) (layer F.Fab)
      (effects (font (size 0.5 0.5) (thickness 0.08)))
    )
    (fp_line (start 1.85 0.95) (end -1.85 0.95) (layer F.CrtYd) (width 0.05))
    (fp_line (start 1.85 -0.95) (end 1.85 0.95) (layer F.CrtYd) (width 0.05))
    (fp_line (start -1.85 -0.95) (end 1.85 -0.95) (layer F.CrtYd) (width 0.05))
    (fp_line (start -1.85 0.95) (end -1.85 -0.95) (layer F.CrtYd) (width 0.05))
    (fp_line (start -0.261252 0.71) (end 0.261252 0.71) (layer F.SilkS) (width 0.12))
    (fp_line (start -0.261252 -0.71) (end 0.261252 -0.71) (layer F.SilkS) (width 0.12))
    (fp_line (start 1 0.6) (end -1 0.6) (layer F.Fab) (width 0.1))
    (fp_line (start 1 -0.6) (end 1 0.6) (layer F.Fab) (width 0.1))
    (fp_line (start -1 -0.6) (end 1 -0.6) (layer F.Fab) (width 0.1))
    (fp_line (start -1 0.6) (end -1 -0.6) (layer F.Fab) (width 0.1))
    (pad 2 smd roundrect (at 1.025 0 180) (size 1.15 1.4) (layers F.Cu F.Paste F.Mask) (roundrect_rratio 0.217391)
      (net 2 GND))
    (pad 1 smd roundrect (at -1.025 0 180) (size 1.15 1.4) (layers F.Cu F.Paste F.Mask) (roundrect_rratio 0.217391)
      (net 7 "Net-(R3-Pad2)"))
    (model ${KISYS3DMOD}/Resistor_SMD.3dshapes/R_0805_2012Metric.wrl
      (at (xyz 0 0 0))
      (scale (xyz 1 1 1))
      (rotate (xyz 0 0 0))
    )
  )

  (module Resistor_SMD:R_0805_2012Metric_Pad1.15x1.40mm_HandSolder (layer F.Cu) (tedit 5B36C52B) (tstamp 5F724BA5)
    (at 164 101.5 270)
    (descr "Resistor SMD 0805 (2012 Metric), square (rectangular) end terminal, IPC_7351 nominal with elongated pad for handsoldering. (Body size source: https://docs.google.com/spreadsheets/d/1BsfQQcO9C6DZCsRaXUlFlo91Tg2WpOkGARC1WS5S8t0/edit?usp=sharing), generated with kicad-footprint-generator")
    (tags "resistor handsolder")
    (path /5F72174B)
    (attr smd)
    (fp_text reference R5 (at 2.5 0 180) (layer F.SilkS)
      (effects (font (size 1 1) (thickness 0.15)))
    )
    (fp_text value 4.7K (at 0 1.65 90) (layer F.Fab)
      (effects (font (size 1 1) (thickness 0.15)))
    )
    (fp_text user %R (at 0 0 90) (layer F.Fab)
      (effects (font (size 0.5 0.5) (thickness 0.08)))
    )
    (fp_line (start 1.85 0.95) (end -1.85 0.95) (layer F.CrtYd) (width 0.05))
    (fp_line (start 1.85 -0.95) (end 1.85 0.95) (layer F.CrtYd) (width 0.05))
    (fp_line (start -1.85 -0.95) (end 1.85 -0.95) (layer F.CrtYd) (width 0.05))
    (fp_line (start -1.85 0.95) (end -1.85 -0.95) (layer F.CrtYd) (width 0.05))
    (fp_line (start -0.261252 0.71) (end 0.261252 0.71) (layer F.SilkS) (width 0.12))
    (fp_line (start -0.261252 -0.71) (end 0.261252 -0.71) (layer F.SilkS) (width 0.12))
    (fp_line (start 1 0.6) (end -1 0.6) (layer F.Fab) (width 0.1))
    (fp_line (start 1 -0.6) (end 1 0.6) (layer F.Fab) (width 0.1))
    (fp_line (start -1 -0.6) (end 1 -0.6) (layer F.Fab) (width 0.1))
    (fp_line (start -1 0.6) (end -1 -0.6) (layer F.Fab) (width 0.1))
    (pad 2 smd roundrect (at 1.025 0 270) (size 1.15 1.4) (layers F.Cu F.Paste F.Mask) (roundrect_rratio 0.217391)
      (net 4 /SCL))
    (pad 1 smd roundrect (at -1.025 0 270) (size 1.15 1.4) (layers F.Cu F.Paste F.Mask) (roundrect_rratio 0.217391)
      (net 1 +3V3))
    (model ${KISYS3DMOD}/Resistor_SMD.3dshapes/R_0805_2012Metric.wrl
      (at (xyz 0 0 0))
      (scale (xyz 1 1 1))
      (rotate (xyz 0 0 0))
    )
  )

  (module Resistor_SMD:R_0805_2012Metric_Pad1.15x1.40mm_HandSolder (layer F.Cu) (tedit 5B36C52B) (tstamp 5F724BB6)
    (at 167 101.5 270)
    (descr "Resistor SMD 0805 (2012 Metric), square (rectangular) end terminal, IPC_7351 nominal with elongated pad for handsoldering. (Body size source: https://docs.google.com/spreadsheets/d/1BsfQQcO9C6DZCsRaXUlFlo91Tg2WpOkGARC1WS5S8t0/edit?usp=sharing), generated with kicad-footprint-generator")
    (tags "resistor handsolder")
    (path /5F723E2A)
    (attr smd)
    (fp_text reference R6 (at 2.4 0 180) (layer F.SilkS)
      (effects (font (size 1 1) (thickness 0.15)))
    )
    (fp_text value 10K (at 0 1.65 90) (layer F.Fab)
      (effects (font (size 1 1) (thickness 0.15)))
    )
    (fp_line (start -1 0.6) (end -1 -0.6) (layer F.Fab) (width 0.1))
    (fp_line (start -1 -0.6) (end 1 -0.6) (layer F.Fab) (width 0.1))
    (fp_line (start 1 -0.6) (end 1 0.6) (layer F.Fab) (width 0.1))
    (fp_line (start 1 0.6) (end -1 0.6) (layer F.Fab) (width 0.1))
    (fp_line (start -0.261252 -0.71) (end 0.261252 -0.71) (layer F.SilkS) (width 0.12))
    (fp_line (start -0.261252 0.71) (end 0.261252 0.71) (layer F.SilkS) (width 0.12))
    (fp_line (start -1.85 0.95) (end -1.85 -0.95) (layer F.CrtYd) (width 0.05))
    (fp_line (start -1.85 -0.95) (end 1.85 -0.95) (layer F.CrtYd) (width 0.05))
    (fp_line (start 1.85 -0.95) (end 1.85 0.95) (layer F.CrtYd) (width 0.05))
    (fp_line (start 1.85 0.95) (end -1.85 0.95) (layer F.CrtYd) (width 0.05))
    (fp_text user %R (at 0 0 90) (layer F.Fab)
      (effects (font (size 0.5 0.5) (thickness 0.08)))
    )
    (pad 1 smd roundrect (at -1.025 0 270) (size 1.15 1.4) (layers F.Cu F.Paste F.Mask) (roundrect_rratio 0.217391)
      (net 1 +3V3))
    (pad 2 smd roundrect (at 1.025 0 270) (size 1.15 1.4) (layers F.Cu F.Paste F.Mask) (roundrect_rratio 0.217391)
      (net 8 "Net-(R6-Pad2)"))
    (model ${KISYS3DMOD}/Resistor_SMD.3dshapes/R_0805_2012Metric.wrl
      (at (xyz 0 0 0))
      (scale (xyz 1 1 1))
      (rotate (xyz 0 0 0))
    )
  )

  (module KevinLib:SON65P200X240X70-6N (layer F.Cu) (tedit 5F70D4BE) (tstamp 5F724C2C)
    (at 162.5 106.7)
    (path /5F71F248)
    (fp_text reference U2 (at 0 -1.6) (layer F.SilkS)
      (effects (font (size 0.6 0.6) (thickness 0.15)))
    )
    (fp_text value TCS34725FN (at 4.294048 2.056163) (layer F.Fab)
      (effects (font (size 0.480319 0.480319) (thickness 0.015)))
    )
    (fp_circle (center -0.45 -0.6) (end -0.4 -0.6) (layer F.Fab) (width 0.1))
    (fp_line (start -1.5 1.45) (end -1.5 -1.45) (layer F.CrtYd) (width 0.05))
    (fp_line (start 1.5 1.45) (end -1.5 1.45) (layer F.CrtYd) (width 0.05))
    (fp_line (start 1.5 -1.45) (end 1.5 1.45) (layer F.CrtYd) (width 0.05))
    (fp_line (start -1.5 -1.45) (end 1.5 -1.45) (layer F.CrtYd) (width 0.05))
    (fp_circle (center -1.7 -0.6) (end -1.65 -0.6) (layer F.SilkS) (width 0.1))
    (fp_line (start -1 1.2) (end -1 1.1) (layer F.SilkS) (width 0.127))
    (fp_line (start 1 1.2) (end -1 1.2) (layer F.SilkS) (width 0.127))
    (fp_line (start 1 1.1) (end 1 1.2) (layer F.SilkS) (width 0.127))
    (fp_line (start 1 -1.2) (end 1 -1.1) (layer F.SilkS) (width 0.127))
    (fp_line (start -1 -1.2) (end 1 -1.2) (layer F.SilkS) (width 0.127))
    (fp_line (start -1 -1.1) (end -1 -1.2) (layer F.SilkS) (width 0.127))
    (fp_line (start -1 1.2) (end -1 -1.2) (layer F.Fab) (width 0.127))
    (fp_line (start 1 1.2) (end -1 1.2) (layer F.Fab) (width 0.127))
    (fp_line (start 1 -1.2) (end 1 1.2) (layer F.Fab) (width 0.127))
    (fp_line (start -1 -1.2) (end 1 -1.2) (layer F.Fab) (width 0.127))
    (pad 5 smd rect (at 0.75 0) (size 1 0.4) (layers F.Cu F.Paste F.Mask)
      (net 6 /TCS_INT))
    (pad 4 smd rect (at 0.75 0.65) (size 1 0.4) (layers F.Cu F.Paste F.Mask))
    (pad 6 smd rect (at 0.75 -0.65) (size 1 0.4) (layers F.Cu F.Paste F.Mask)
      (net 3 /SDA))
    (pad 3 smd rect (at -0.75 0.65) (size 1 0.4) (layers F.Cu F.Paste F.Mask)
      (net 2 GND))
    (pad 2 smd rect (at -0.75 0) (size 1 0.4) (layers F.Cu F.Paste F.Mask)
      (net 4 /SCL))
    (pad 1 smd rect (at -0.75 -0.65) (size 1 0.4) (layers F.Cu F.Paste F.Mask)
      (net 1 +3V3))
  )

  (module Connector_JST:JST_SH_BM06B-SRSS-TB_1x06-1MP_P1.00mm_Vertical (layer B.Cu) (tedit 5B78AD87) (tstamp 5F72607D)
    (at 160.1 106.5 270)
    (descr "JST SH series connector, BM06B-SRSS-TB (http://www.jst-mfg.com/product/pdf/eng/eSH.pdf), generated with kicad-footprint-generator")
    (tags "connector JST SH side entry")
    (path /5F7243E8)
    (attr smd)
    (fp_text reference J1 (at 0 3.3 90) (layer B.SilkS)
      (effects (font (size 1 1) (thickness 0.15)) (justify mirror))
    )
    (fp_text value Conn_01x06_Male (at 0 -3.3 90) (layer B.Fab)
      (effects (font (size 1 1) (thickness 0.15)) (justify mirror))
    )
    (fp_line (start -4 -1) (end 4 -1) (layer B.Fab) (width 0.1))
    (fp_line (start -4.11 0.04) (end -4.11 -1.11) (layer B.SilkS) (width 0.12))
    (fp_line (start -4.11 -1.11) (end -3.06 -1.11) (layer B.SilkS) (width 0.12))
    (fp_line (start -3.06 -1.11) (end -3.06 -2.1) (layer B.SilkS) (width 0.12))
    (fp_line (start 4.11 0.04) (end 4.11 -1.11) (layer B.SilkS) (width 0.12))
    (fp_line (start 4.11 -1.11) (end 3.06 -1.11) (layer B.SilkS) (width 0.12))
    (fp_line (start -2.94 2.01) (end 2.94 2.01) (layer B.SilkS) (width 0.12))
    (fp_line (start -4 1.9) (end 4 1.9) (layer B.Fab) (width 0.1))
    (fp_line (start -4 -1) (end -4 1.9) (layer B.Fab) (width 0.1))
    (fp_line (start 4 -1) (end 4 1.9) (layer B.Fab) (width 0.1))
    (fp_line (start -2.65 1.55) (end -2.65 0.95) (layer B.Fab) (width 0.1))
    (fp_line (start -2.65 0.95) (end -2.35 0.95) (layer B.Fab) (width 0.1))
    (fp_line (start -2.35 0.95) (end -2.35 1.55) (layer B.Fab) (width 0.1))
    (fp_line (start -2.35 1.55) (end -2.65 1.55) (layer B.Fab) (width 0.1))
    (fp_line (start -1.65 1.55) (end -1.65 0.95) (layer B.Fab) (width 0.1))
    (fp_line (start -1.65 0.95) (end -1.35 0.95) (layer B.Fab) (width 0.1))
    (fp_line (start -1.35 0.95) (end -1.35 1.55) (layer B.Fab) (width 0.1))
    (fp_line (start -1.35 1.55) (end -1.65 1.55) (layer B.Fab) (width 0.1))
    (fp_line (start -0.65 1.55) (end -0.65 0.95) (layer B.Fab) (width 0.1))
    (fp_line (start -0.65 0.95) (end -0.35 0.95) (layer B.Fab) (width 0.1))
    (fp_line (start -0.35 0.95) (end -0.35 1.55) (layer B.Fab) (width 0.1))
    (fp_line (start -0.35 1.55) (end -0.65 1.55) (layer B.Fab) (width 0.1))
    (fp_line (start 0.35 1.55) (end 0.35 0.95) (layer B.Fab) (width 0.1))
    (fp_line (start 0.35 0.95) (end 0.65 0.95) (layer B.Fab) (width 0.1))
    (fp_line (start 0.65 0.95) (end 0.65 1.55) (layer B.Fab) (width 0.1))
    (fp_line (start 0.65 1.55) (end 0.35 1.55) (layer B.Fab) (width 0.1))
    (fp_line (start 1.35 1.55) (end 1.35 0.95) (layer B.Fab) (width 0.1))
    (fp_line (start 1.35 0.95) (end 1.65 0.95) (layer B.Fab) (width 0.1))
    (fp_line (start 1.65 0.95) (end 1.65 1.55) (layer B.Fab) (width 0.1))
    (fp_line (start 1.65 1.55) (end 1.35 1.55) (layer B.Fab) (width 0.1))
    (fp_line (start 2.35 1.55) (end 2.35 0.95) (layer B.Fab) (width 0.1))
    (fp_line (start 2.35 0.95) (end 2.65 0.95) (layer B.Fab) (width 0.1))
    (fp_line (start 2.65 0.95) (end 2.65 1.55) (layer B.Fab) (width 0.1))
    (fp_line (start 2.65 1.55) (end 2.35 1.55) (layer B.Fab) (width 0.1))
    (fp_line (start -4.9 2.6) (end -4.9 -2.6) (layer B.CrtYd) (width 0.05))
    (fp_line (start -4.9 -2.6) (end 4.9 -2.6) (layer B.CrtYd) (width 0.05))
    (fp_line (start 4.9 -2.6) (end 4.9 2.6) (layer B.CrtYd) (width 0.05))
    (fp_line (start 4.9 2.6) (end -4.9 2.6) (layer B.CrtYd) (width 0.05))
    (fp_line (start -3 -1) (end -2.5 -0.292893) (layer B.Fab) (width 0.1))
    (fp_line (start -2.5 -0.292893) (end -2 -1) (layer B.Fab) (width 0.1))
    (fp_text user %R (at 0 0.25 90) (layer B.Fab)
      (effects (font (size 1 1) (thickness 0.15)) (justify mirror))
    )
    (pad 1 smd roundrect (at -2.5 -1.325 270) (size 0.6 1.55) (layers B.Cu B.Paste B.Mask) (roundrect_rratio 0.25)
      (net 1 +3V3))
    (pad 2 smd roundrect (at -1.5 -1.325 270) (size 0.6 1.55) (layers B.Cu B.Paste B.Mask) (roundrect_rratio 0.25)
      (net 3 /SDA))
    (pad 3 smd roundrect (at -0.5 -1.325 270) (size 0.6 1.55) (layers B.Cu B.Paste B.Mask) (roundrect_rratio 0.25)
      (net 4 /SCL))
    (pad 4 smd roundrect (at 0.5 -1.325 270) (size 0.6 1.55) (layers B.Cu B.Paste B.Mask) (roundrect_rratio 0.25)
      (net 5 /SI_INT))
    (pad 5 smd roundrect (at 1.5 -1.325 270) (size 0.6 1.55) (layers B.Cu B.Paste B.Mask) (roundrect_rratio 0.25)
      (net 6 /TCS_INT))
    (pad 6 smd roundrect (at 2.5 -1.325 270) (size 0.6 1.55) (layers B.Cu B.Paste B.Mask) (roundrect_rratio 0.25)
      (net 2 GND))
    (pad MP smd roundrect (at -3.8 1.2 270) (size 1.2 1.8) (layers B.Cu B.Paste B.Mask) (roundrect_rratio 0.208333))
    (pad MP smd roundrect (at 3.8 1.2 270) (size 1.2 1.8) (layers B.Cu B.Paste B.Mask) (roundrect_rratio 0.208333))
    (model ${KISYS3DMOD}/Connector_JST.3dshapes/JST_SH_BM06B-SRSS-TB_1x06-1MP_P1.00mm_Vertical.wrl
      (at (xyz 0 0 0))
      (scale (xyz 1 1 1))
      (rotate (xyz 0 0 0))
    )
  )

  (gr_text 0x52 (at 161.1 109.8) (layer F.SilkS)
    (effects (font (size 0.6 0.6) (thickness 0.127)))
  )
  (gr_text 0x55 (at 165.8 109.8) (layer F.SilkS)
    (effects (font (size 0.6 0.6) (thickness 0.127)))
  )
  (gr_text "Light Sensors" (at 164.2 112.1) (layer B.SilkS)
    (effects (font (size 0.6 0.6) (thickness 0.127)) (justify mirror))
  )
  (gr_text "Kevin Kessler 2020" (at 164.5 111.1) (layer B.SilkS)
    (effects (font (size 0.6 0.6) (thickness 0.127)) (justify mirror))
  )
  (gr_text GND (at 163.8 109) (layer B.SilkS)
    (effects (font (size 0.6 0.6) (thickness 0.127)) (justify mirror))
  )
  (gr_text TCS_INT (at 164.3 108.1) (layer B.SilkS)
    (effects (font (size 0.6 0.6) (thickness 0.127)) (justify mirror))
  )
  (gr_text SI_INT (at 163.9 107.1) (layer B.SilkS)
    (effects (font (size 0.6 0.6) (thickness 0.127)) (justify mirror))
  )
  (gr_text SCL (at 163.9 106) (layer B.SilkS)
    (effects (font (size 0.6 0.6) (thickness 0.127)) (justify mirror))
  )
  (gr_text SDA (at 163.9 105) (layer B.SilkS)
    (effects (font (size 0.6 0.6) (thickness 0.127)) (justify mirror))
  )
  (gr_text 3.3V (at 164.1 104) (layer B.SilkS)
    (effects (font (size 0.6 0.6) (thickness 0.127)) (justify mirror))
  )
  (gr_line (start 156.5 113.5) (end 156.5 99) (layer Edge.Cuts) (width 0.127) (tstamp 5F725672))
  (gr_line (start 173.5 113.5) (end 156.5 113.5) (layer Edge.Cuts) (width 0.127))
  (gr_line (start 173.5 99) (end 173.5 113.5) (layer Edge.Cuts) (width 0.127))
  (gr_line (start 156.5 99) (end 173.5 99) (layer Edge.Cuts) (width 0.127))

  (segment (start 169.1919 106.95) (end 169.7475 106.95) (width 0.2) (layer F.Cu) (net 1))
  (segment (start 168.875 106.95) (end 169.1919 106.95) (width 0.2) (layer F.Cu) (net 1))
  (segment (start 167.6 105.675) (end 168.875 106.95) (width 0.2) (layer F.Cu) (net 1))
  (segment (start 166.9 105.675) (end 167.6 105.675) (width 0.2) (layer F.Cu) (net 1))
  (segment (start 161.75 105.65) (end 161.75 106.05) (width 0.2) (layer F.Cu) (net 1))
  (segment (start 161.675 105.575) (end 161.75 105.65) (width 0.2) (layer F.Cu) (net 1))
  (segment (start 159.6 105.575) (end 161.675 105.575) (width 0.2) (layer F.Cu) (net 1))
